2500
4	3
4	2
4	1
4	0
3	2
3	1
3	0
2	1
2	0
1	0
1	5
3	6
3	7
3	8
4	9
9	10
0	11
4	12
2	13
4	14
1	15
0	16
16	17
8	18
4	19
1	20
2	21
1	22
8	23
0	24
3	25
1	26
1	27
22	28
3	29
19	30
1	31
0	32
25	33
3	34
21	35
0	36
4	37
0	38
0	39
1	40
21	41
12	42
9	43
2	44
33	45
8	46
3	47
9	48
3	49
1	50
34	51
23	52
0	53
50	54
52	55
4	56
0	57
9	58
47	59
3	60
13	61
2	62
1	63
13	64
13	65
7	66
27	67
13	68
20	69
15	70
66	71
13	72
4	73
13	74
19	75
3	76
39	77
0	78
53	79
19	80
47	81
45	82
68	83
4	84
9	85
50	86
0	87
1	88
77	89
47	90
19	91
3	92
26	93
76	94
3	95
4	96
4	97
3	98
74	99
61	100
13	101
47	102
63	103
82	104
47	105
77	106
78	107
0	108
75	109
82	110
95	111
9	112
47	113
47	114
23	115
13	116
0	117
50	118
3	119
7	120
8	121
21	122
1	123
99	124
1	125
75	126
74	127
50	128
50	129
60	130
8	131
131	132
0	133
21	134
29	135
19	136
91	137
88	138
21	139
100	140
24	141
19	142
3	143
65	144
9	145
3	146
29	147
128	148
85	149
100	150
4	151
136	152
101	153
64	154
19	155
1	156
1	157
3	158
121	159
34	160
125	161
13	162
117	163
37	164
79	165
66	166
89	167
162	168
13	169
10	170
47	171
41	172
15	173
118	174
64	175
90	176
168	177
4	178
4	179
170	180
0	181
22	182
0	183
85	184
2	185
67	186
132	187
0	188
3	189
2	190
3	191
83	192
123	193
185	194
41	195
13	196
1	197
66	198
9	199
152	200
111	201
8	202
4	203
78	204
3	205
155	206
2	207
50	208
172	209
34	210
3	211
2	212
49	213
162	214
91	215
0	216
39	217
39	218
9	219
47	220
39	221
19	222
146	223
1	224
17	225
50	226
8	227
107	228
226	229
3	230
1	231
1	232
106	233
78	234
9	235
3	236
203	237
1	238
78	239
50	240
66	241
130	242
123	243
54	244
153	245
4	246
21	247
196	248
3	249
109	250
10	251
1	252
197	253
177	254
4	255
1	256
21	257
0	258
184	259
125	260
4	261
1	262
4	263
201	264
123	265
168	266
3	267
3	268
26	269
4	270
258	271
79	272
105	273
47	274
19	275
3	276
144	277
132	278
53	279
235	280
219	281
39	282
21	283
83	284
222	285
13	286
121	287
2	288
123	289
3	290
34	291
0	292
155	293
109	294
79	295
208	296
0	297
156	298
47	299
238	300
153	301
238	302
13	303
123	304
201	305
95	306
189	307
91	308
155	309
31	310
167	311
118	312
279	313
50	314
175	315
103	316
4	317
0	318
23	319
140	320
130	321
47	322
30	323
33	324
132	325
172	326
8	327
19	328
205	329
215	330
90	331
7	332
309	333
113	334
2	335
1	336
309	337
253	338
85	339
68	340
180	341
235	342
4	343
162	344
250	345
342	346
226	347
92	348
187	349
22	350
27	351
47	352
201	353
0	354
295	355
52	356
355	357
244	358
19	359
332	360
327	361
34	362
197	363
241	364
1	365
45	366
19	367
24	368
10	369
22	370
77	371
186	372
78	373
245	374
148	375
194	376
182	377
74	378
47	379
13	380
222	381
155	382
103	383
84	384
1	385
1	386
9	387
40	388
136	389
79	390
26	391
123	392
1	393
146	394
47	395
9	396
25	397
23	398
79	399
41	400
4	401
1	402
247	403
253	404
60	405
106	406
45	407
21	408
249	409
0	410
187	411
248	412
3	413
1	414
114	415
13	416
195	417
372	418
341	419
244	420
9	421
26	422
288	423
230	424
238	425
259	426
22	427
255	428
126	429
1	430
84	431
258	432
30	433
99	434
258	435
269	436
1	437
8	438
2	439
297	440
3	441
235	442
171	443
273	444
310	445
96	446
356	447
3	448
238	449
8	450
103	451
100	452
77	453
373	454
237	455
3	456
2	457
295	458
351	459
4	460
28	461
421	462
15	463
79	464
34	465
404	466
155	467
123	468
3	469
191	470
55	471
1	472
1	473
89	474
326	475
9	476
52	477
258	478
116	479
99	480
95	481
63	482
295	483
283	484
314	485
472	486
148	487
65	488
439	489
268	490
1	491
309	492
355	493
141	494
204	495
236	496
413	497
25	498
247	499
26	500
360	501
403	502
146	503
2	504
190	505
21	506
2	507
52	508
16	509
353	510
10	511
90	512
76	513
0	514
273	515
66	516
146	517
491	518
457	519
295	520
382	521
4	522
271	523
79	524
325	525
215	526
0	527
133	528
155	529
13	530
204	531
54	532
182	533
155	534
50	535
73	536
117	537
189	538
8	539
74	540
0	541
230	542
120	543
1	544
8	545
437	546
353	547
2	548
226	549
22	550
258	551
350	552
0	553
4	554
50	555
19	556
1	557
250	558
518	559
3	560
490	561
53	562
432	563
308	564
26	565
4	566
109	567
74	568
89	569
19	570
299	571
267	572
2	573
230	574
187	575
190	576
1	577
385	578
305	579
2	580
21	581
460	582
2	583
55	584
79	585
102	586
117	587
33	588
303	589
291	590
89	591
269	592
13	593
66	594
555	595
478	596
25	597
291	598
232	599
21	600
117	601
1	602
397	603
432	604
338	605
91	606
513	607
1	608
78	609
0	610
267	611
123	612
3	613
383	614
123	615
372	616
93	617
34	618
311	619
355	620
464	621
21	622
614	623
1	624
342	625
3	626
222	627
404	628
168	629
559	630
1	631
264	632
457	633
276	634
361	635
245	636
205	637
132	638
513	639
15	640
172	641
251	642
1	643
614	644
141	645
89	646
123	647
231	648
599	649
187	650
476	651
118	652
24	653
505	654
502	655
416	656
90	657
155	658
141	659
67	660
300	661
77	662
269	663
21	664
382	665
485	666
227	667
19	668
115	669
4	670
34	671
78	672
82	673
660	674
373	675
284	676
21	677
378	678
3	679
79	680
1	681
313	682
74	683
374	684
3	685
194	686
373	687
68	688
4	689
260	690
614	691
215	692
78	693
3	694
4	695
3	696
274	697
404	698
9	699
4	700
208	701
19	702
3	703
555	704
34	705
692	706
505	707
539	708
153	709
3	710
355	711
562	712
55	713
144	714
45	715
490	716
264	717
532	718
221	719
688	720
34	721
17	722
1	723
513	724
79	725
402	726
490	727
53	728
355	729
473	730
537	731
177	732
682	733
13	734
26	735
69	736
4	737
257	738
185	739
21	740
100	741
194	742
38	743
15	744
1	745
354	746
90	747
1	748
392	749
539	750
3	751
597	752
78	753
83	754
230	755
581	756
208	757
136	758
371	759
19	760
15	761
473	762
341	763
283	764
352	765
132	766
385	767
67	768
1	769
234	770
573	771
531	772
276	773
79	774
95	775
247	776
85	777
169	778
25	779
8	780
213	781
230	782
19	783
19	784
90	785
506	786
361	787
21	788
597	789
546	790
746	791
752	792
22	793
16	794
257	795
605	796
25	797
0	798
78	799
341	800
105	801
230	802
437	803
189	804
64	805
371	806
489	807
112	808
111	809
99	810
162	811
8	812
437	813
9	814
264	815
406	816
365	817
26	818
381	819
594	820
140	821
313	822
4	823
702	824
10	825
406	826
61	827
132	828
32	829
531	830
404	831
1	832
21	833
218	834
9	835
6	836
247	837
702	838
334	839
3	840
85	841
77	842
238	843
667	844
0	845
811	846
15	847
1	848
404	849
28	850
679	851
2	852
744	853
513	854
403	855
50	856
101	857
217	858
323	859
172	860
4	861
702	862
1	863
750	864
74	865
131	866
0	867
53	868
1	869
761	870
406	871
279	872
0	873
17	874
128	875
19	876
172	877
50	878
627	879
155	880
79	881
26	882
101	883
2	884
609	885
117	886
276	887
428	888
47	889
288	890
22	891
47	892
90	893
268	894
78	895
146	896
249	897
3	898
319	899
555	900
677	901
502	902
488	903
893	904
341	905
13	906
105	907
258	908
157	909
557	910
177	911
788	912
84	913
82	914
39	915
27	916
153	917
503	918
72	919
355	920
612	921
47	922
198	923
83	924
3	925
82	926
8	927
365	928
155	929
185	930
773	931
310	932
82	933
4	934
693	935
467	936
26	937
600	938
29	939
363	940
301	941
1	942
4	943
84	944
17	945
144	946
197	947
140	948
453	949
555	950
575	951
459	952
1	953
488	954
555	955
136	956
575	957
3	958
428	959
525	960
215	961
764	962
117	963
228	964
848	965
197	966
1	967
7	968
175	969
34	970
818	971
321	972
826	973
490	974
391	975
156	976
575	977
16	978
100	979
355	980
596	981
609	982
63	983
41	984
616	985
614	986
22	987
81	988
34	989
572	990
362	991
4	992
706	993
915	994
976	995
780	996
78	997
97	998
843	999
9	1000
621	1001
2	1002
2	1003
414	1004
702	1005
225	1006
276	1007
79	1008
937	1009
4	1010
996	1011
412	1012
98	1013
89	1014
611	1015
68	1016
403	1017
575	1018
1	1019
501	1020
673	1021
761	1022
159	1023
748	1024
897	1025
65	1026
93	1027
34	1028
115	1029
129	1030
34	1031
7	1032
353	1033
47	1034
103	1035
574	1036
2	1037
355	1038
291	1039
129	1040
336	1041
9	1042
147	1043
490	1044
153	1045
414	1046
33	1047
4	1048
230	1049
939	1050
0	1051
4	1052
957	1053
352	1054
136	1055
490	1056
34	1057
761	1058
502	1059
383	1060
78	1061
914	1062
376	1063
105	1064
97	1065
67	1066
4	1067
4	1068
4	1069
502	1070
413	1071
2	1072
947	1073
573	1074
465	1075
34	1076
83	1077
189	1078
63	1079
155	1080
171	1081
837	1082
3	1083
19	1084
72	1085
61	1086
225	1087
766	1088
1039	1089
249	1090
686	1091
576	1092
986	1093
3	1094
2	1095
4	1096
912	1097
555	1098
75	1099
486	1100
855	1101
675	1102
886	1103
47	1104
752	1105
368	1106
63	1107
19	1108
4	1109
226	1110
47	1111
180	1112
500	1113
1	1114
9	1115
9	1116
130	1117
640	1118
13	1119
746	1120
3	1121
74	1122
238	1123
867	1124
280	1125
513	1126
13	1127
93	1128
134	1129
457	1130
1051	1131
546	1132
4	1133
319	1134
100	1135
66	1136
257	1137
1051	1138
827	1139
1017	1140
474	1141
230	1142
255	1143
23	1144
106	1145
874	1146
502	1147
0	1148
25	1149
238	1150
3	1151
9	1152
415	1153
9	1154
737	1155
226	1156
1106	1157
41	1158
98	1159
483	1160
505	1161
572	1162
722	1163
555	1164
776	1165
1077	1166
1118	1167
746	1168
850	1169
16	1170
822	1171
61	1172
244	1173
716	1174
393	1175
52	1176
276	1177
518	1178
247	1179
3	1180
78	1181
916	1182
133	1183
1	1184
19	1185
172	1186
19	1187
710	1188
775	1189
3	1190
79	1191
3	1192
1	1193
44	1194
1042	1195
305	1196
602	1197
1072	1198
406	1199
155	1200
391	1201
262	1202
45	1203
1131	1204
101	1205
542	1206
837	1207
4	1208
680	1209
291	1210
679	1211
403	1212
744	1213
874	1214
4	1215
472	1216
402	1217
320	1218
320	1219
811	1220
23	1221
203	1222
850	1223
480	1224
52	1225
1	1226
8	1227
0	1228
17	1229
170	1230
652	1231
394	1232
421	1233
67	1234
218	1235
42	1236
103	1237
317	1238
614	1239
216	1240
258	1241
78	1242
201	1243
356	1244
383	1245
911	1246
4	1247
1161	1248
249	1249
710	1250
414	1251
78	1252
474	1253
1094	1254
988	1255
103	1256
1217	1257
479	1258
6	1259
542	1260
73	1261
532	1262
901	1263
503	1264
935	1265
4	1266
1186	1267
245	1268
158	1269
319	1270
678	1271
1	1272
66	1273
4	1274
594	1275
91	1276
837	1277
1271	1278
1	1279
26	1280
204	1281
79	1282
84	1283
180	1284
369	1285
3	1286
432	1287
367	1288
625	1289
230	1290
70	1291
66	1292
309	1293
168	1294
155	1295
351	1296
88	1297
194	1298
808	1299
752	1300
281	1301
907	1302
68	1303
8	1304
415	1305
399	1306
719	1307
125	1308
874	1309
4	1310
1195	1311
162	1312
979	1313
9	1314
136	1315
488	1316
79	1317
737	1318
744	1319
295	1320
0	1321
898	1322
355	1323
949	1324
487	1325
1133	1326
1290	1327
25	1328
9	1329
1	1330
986	1331
296	1332
34	1333
1	1334
785	1335
3	1336
987	1337
404	1338
289	1339
238	1340
8	1341
231	1342
1339	1343
531	1344
1	1345
47	1346
820	1347
64	1348
79	1349
385	1350
208	1351
958	1352
635	1353
319	1354
598	1355
0	1356
66	1357
1254	1358
226	1359
1347	1360
605	1361
811	1362
9	1363
1	1364
103	1365
7	1366
4	1367
1230	1368
331	1369
1	1370
542	1371
309	1372
22	1373
603	1374
298	1375
1200	1376
1133	1377
1270	1378
3	1379
201	1380
1242	1381
121	1382
39	1383
351	1384
230	1385
53	1386
353	1387
29	1388
616	1389
332	1390
13	1391
208	1392
7	1393
100	1394
314	1395
612	1396
846	1397
136	1398
1033	1399
105	1400
73	1401
939	1402
185	1403
129	1404
837	1405
365	1406
861	1407
8	1408
575	1409
264	1410
0	1411
1050	1412
2	1413
269	1414
704	1415
70	1416
325	1417
68	1418
518	1419
421	1420
401	1421
1412	1422
8	1423
549	1424
761	1425
66	1426
264	1427
848	1428
962	1429
935	1430
1190	1431
238	1432
1226	1433
1275	1434
4	1435
23	1436
1286	1437
310	1438
3	1439
1324	1440
169	1441
1182	1442
419	1443
283	1444
313	1445
26	1446
487	1447
560	1448
447	1449
4	1450
34	1451
79	1452
1354	1453
502	1454
116	1455
89	1456
95	1457
41	1458
376	1459
208	1460
1	1461
1	1462
54	1463
534	1464
291	1465
384	1466
1156	1467
541	1468
745	1469
861	1470
437	1471
177	1472
3	1473
638	1474
725	1475
1011	1476
123	1477
985	1478
13	1479
0	1480
3	1481
325	1482
575	1483
3	1484
3	1485
4	1486
52	1487
157	1488
1345	1489
951	1490
490	1491
83	1492
354	1493
1263	1494
830	1495
602	1496
1025	1497
468	1498
848	1499
159	1500
50	1501
413	1502
0	1503
3	1504
264	1505
1310	1506
9	1507
837	1508
472	1509
358	1510
25	1511
33	1512
295	1513
546	1514
1	1515
313	1516
382	1517
1333	1518
1	1519
412	1520
490	1521
1224	1522
1479	1523
470	1524
92	1525
23	1526
0	1527
1072	1528
355	1529
297	1530
311	1531
41	1532
67	1533
1144	1534
79	1535
288	1536
1398	1537
168	1538
904	1539
972	1540
116	1541
1	1542
453	1543
845	1544
19	1545
296	1546
1077	1547
745	1548
204	1549
319	1550
949	1551
406	1552
4	1553
922	1554
177	1555
85	1556
221	1557
4	1558
177	1559
1005	1560
336	1561
911	1562
761	1563
64	1564
722	1565
1131	1566
811	1567
67	1568
22	1569
65	1570
907	1571
490	1572
596	1573
370	1574
875	1575
1200	1576
1	1577
355	1578
1331	1579
61	1580
1574	1581
4	1582
439	1583
1357	1584
23	1585
19	1586
851	1587
47	1588
1	1589
13	1590
180	1591
1205	1592
395	1593
61	1594
730	1595
1145	1596
571	1597
619	1598
41	1599
215	1600
1051	1601
321	1602
1049	1603
896	1604
987	1605
78	1606
345	1607
34	1608
962	1609
4	1610
347	1611
693	1612
372	1613
235	1614
502	1615
1160	1616
605	1617
13	1618
375	1619
827	1620
125	1621
785	1622
1225	1623
1197	1624
155	1625
1255	1626
1320	1627
7	1628
1435	1629
155	1630
1	1631
675	1632
1155	1633
795	1634
1131	1635
399	1636
596	1637
390	1638
652	1639
566	1640
34	1641
1081	1642
1	1643
780	1644
303	1645
1609	1646
8	1647
1071	1648
34	1649
852	1650
1161	1651
89	1652
465	1653
1043	1654
83	1655
1212	1656
569	1657
773	1658
207	1659
679	1660
74	1661
33	1662
939	1663
870	1664
41	1665
9	1666
1486	1667
403	1668
87	1669
268	1670
1084	1671
974	1672
1421	1673
983	1674
671	1675
252	1676
945	1677
281	1678
555	1679
4	1680
226	1681
351	1682
245	1683
155	1684
869	1685
547	1686
542	1687
403	1688
1581	1689
319	1690
1176	1691
101	1692
201	1693
518	1694
319	1695
488	1696
214	1697
305	1698
794	1699
119	1700
1545	1701
90	1702
1446	1703
692	1704
537	1705
298	1706
13	1707
1027	1708
1474	1709
741	1710
1177	1711
1509	1712
1	1713
264	1714
135	1715
1694	1716
1413	1717
298	1718
197	1719
1099	1720
378	1721
8	1722
1045	1723
336	1724
336	1725
1	1726
83	1727
293	1728
546	1729
109	1730
910	1731
184	1732
3	1733
372	1734
155	1735
365	1736
1573	1737
1398	1738
269	1739
245	1740
1	1741
359	1742
1473	1743
693	1744
555	1745
52	1746
250	1747
1552	1748
155	1749
52	1750
1233	1751
106	1752
0	1753
1549	1754
238	1755
229	1756
3	1757
22	1758
373	1759
1259	1760
106	1761
1166	1762
258	1763
894	1764
836	1765
1150	1766
310	1767
1349	1768
4	1769
84	1770
1131	1771
746	1772
1662	1773
894	1774
155	1775
8	1776
1417	1777
3	1778
216	1779
1	1780
1285	1781
1599	1782
1404	1783
1195	1784
16	1785
66	1786
896	1787
155	1788
39	1789
52	1790
1574	1791
50	1792
667	1793
591	1794
155	1795
457	1796
1126	1797
1	1798
865	1799
283	1800
22	1801
351	1802
483	1803
502	1804
1340	1805
123	1806
0	1807
1509	1808
443	1809
183	1810
1197	1811
1362	1812
1043	1813
702	1814
473	1815
200	1816
13	1817
1418	1818
1783	1819
437	1820
623	1821
13	1822
1139	1823
64	1824
1200	1825
34	1826
19	1827
681	1828
1473	1829
1713	1830
310	1831
1217	1832
9	1833
45	1834
1438	1835
284	1836
827	1837
296	1838
239	1839
419	1840
1493	1841
449	1842
1	1843
67	1844
1285	1845
238	1846
761	1847
335	1848
1593	1849
45	1850
1820	1851
1512	1852
279	1853
293	1854
1485	1855
238	1856
659	1857
718	1858
34	1859
23	1860
1360	1861
1259	1862
98	1863
131	1864
1635	1865
9	1866
1646	1867
301	1868
194	1869
259	1870
482	1871
578	1872
590	1873
8	1874
1050	1875
1741	1876
9	1877
1	1878
402	1879
33	1880
1629	1881
1222	1882
278	1883
1065	1884
1575	1885
297	1886
403	1887
1313	1888
575	1889
1886	1890
4	1891
433	1892
850	1893
279	1894
138	1895
162	1896
155	1897
1	1898
686	1899
10	1900
1465	1901
1355	1902
88	1903
1542	1904
17	1905
318	1906
229	1907
73	1908
22	1909
1431	1910
1908	1911
21	1912
1067	1913
17	1914
341	1915
474	1916
1564	1917
313	1918
1790	1919
1760	1920
1212	1921
514	1922
1111	1923
480	1924
79	1925
1137	1926
1414	1927
97	1928
122	1929
257	1930
4	1931
598	1932
1195	1933
632	1934
81	1935
1008	1936
525	1937
123	1938
257	1939
1252	1940
4	1941
679	1942
64	1943
338	1944
1372	1945
1862	1946
97	1947
525	1948
34	1949
406	1950
4	1951
174	1952
19	1953
26	1954
974	1955
316	1956
1135	1957
462	1958
633	1959
3	1960
1639	1961
0	1962
986	1963
19	1964
78	1965
1782	1966
835	1967
1473	1968
1139	1969
475	1970
9	1971
3	1972
1694	1973
276	1974
452	1975
67	1976
1716	1977
2	1978
1307	1979
56	1980
1529	1981
773	1982
850	1983
73	1984
155	1985
317	1986
4	1987
1153	1988
184	1989
1529	1990
19	1991
855	1992
276	1993
253	1994
1693	1995
19	1996
488	1997
1	1998
27	1999
197	2000
599	2001
1958	2002
1592	2003
1	2004
101	2005
95	2006
865	2007
1573	2008
1648	2009
468	2010
1	2011
573	2012
2	2013
433	2014
1294	2015
232	2016
628	2017
264	2018
468	2019
339	2020
1094	2021
1195	2022
867	2023
488	2024
1158	2025
957	2026
820	2027
1568	2028
172	2029
983	2030
22	2031
1160	2032
1199	2033
625	2034
67	2035
1201	2036
6	2037
155	2038
241	2039
2038	2040
580	2041
52	2042
1676	2043
1084	2044
1067	2045
957	2046
833	2047
3	2048
41	2049
26	2050
788	2051
52	2052
1257	2053
4	2054
899	2055
3	2056
8	2057
484	2058
1077	2059
8	2060
9	2061
338	2062
551	2063
1333	2064
1765	2065
4	2066
1239	2067
201	2068
404	2069
399	2070
89	2071
1270	2072
226	2073
1167	2074
279	2075
502	2076
370	2077
597	2078
88	2079
207	2080
1385	2081
1088	2082
21	2083
81	2084
1920	2085
77	2086
1511	2087
1465	2088
153	2089
376	2090
9	2091
692	2092
239	2093
68	2094
365	2095
1853	2096
230	2097
70	2098
23	2099
355	2100
64	2101
423	2102
4	2103
555	2104
1475	2105
1533	2106
840	2107
203	2108
513	2109
268	2110
497	2111
341	2112
53	2113
367	2114
537	2115
279	2116
336	2117
793	2118
1123	2119
883	2120
26	2121
172	2122
1504	2123
1131	2124
74	2125
281	2126
8	2127
644	2128
3	2129
725	2130
1739	2131
4	2132
1	2133
126	2134
132	2135
1479	2136
3	2137
231	2138
183	2139
1845	2140
155	2141
761	2142
1920	2143
3	2144
716	2145
639	2146
83	2147
531	2148
1308	2149
949	2150
1490	2151
326	2152
19	2153
1712	2154
1306	2155
607	2156
1313	2157
827	2158
996	2159
247	2160
13	2161
1813	2162
3	2163
718	2164
197	2165
321	2166
1693	2167
1987	2168
870	2169
464	2170
1190	2171
305	2172
539	2173
564	2174
579	2175
226	2176
115	2177
706	2178
397	2179
259	2180
9	2181
1215	2182
466	2183
952	2184
19	2185
741	2186
626	2187
1888	2188
153	2189
97	2190
286	2191
207	2192
1568	2193
301	2194
1632	2195
19	2196
310	2197
1549	2198
1190	2199
125	2200
130	2201
1896	2202
1785	2203
1956	2204
1837	2205
1467	2206
253	2207
138	2208
1445	2209
837	2210
735	2211
1403	2212
422	2213
459	2214
938	2215
78	2216
85	2217
1	2218
898	2219
962	2220
79	2221
718	2222
1033	2223
41	2224
338	2225
79	2226
79	2227
2112	2228
2112	2229
1617	2230
1125	2231
1647	2232
205	2233
53	2234
1923	2235
321	2236
559	2237
1173	2238
57	2239
1993	2240
217	2241
1094	2242
1398	2243
123	2244
1162	2245
1487	2246
1504	2247
3	2248
301	2249
2061	2250
297	2251
15	2252
162	2253
168	2254
241	2255
313	2256
130	2257
3	2258
26	2259
531	2260
505	2261
607	2262
1318	2263
598	2264
230	2265
1575	2266
238	2267
464	2268
1806	2269
1966	2270
991	2271
1582	2272
33	2273
1	2274
404	2275
487	2276
392	2277
2061	2278
4	2279
519	2280
250	2281
9	2282
78	2283
695	2284
50	2285
1302	2286
1810	2287
1271	2288
216	2289
473	2290
2288	2291
81	2292
313	2293
428	2294
837	2295
1871	2296
761	2297
518	2298
1291	2299
605	2300
1543	2301
2181	2302
614	2303
95	2304
395	2305
1044	2306
686	2307
705	2308
473	2309
513	2310
207	2311
3	2312
811	2313
1542	2314
317	2315
1044	2316
607	2317
1403	2318
92	2319
177	2320
2152	2321
39	2322
490	2323
1568	2324
619	2325
91	2326
795	2327
1682	2328
1341	2329
1680	2330
941	2331
194	2332
3	2333
136	2334
724	2335
9	2336
687	2337
1479	2338
1558	2339
1539	2340
435	2341
319	2342
896	2343
96	2344
77	2345
1514	2346
189	2347
26	2348
948	2349
1238	2350
132	2351
1600	2352
542	2353
1640	2354
1344	2355
603	2356
713	2357
4	2358
22	2359
238	2360
2067	2361
19	2362
105	2363
600	2364
422	2365
1	2366
1694	2367
3	2368
8	2369
649	2370
1157	2371
39	2372
390	2373
4	2374
172	2375
172	2376
383	2377
350	2378
1281	2379
1360	2380
172	2381
1487	2382
709	2383
1481	2384
425	2385
2081	2386
1216	2387
635	2388
3	2389
843	2390
1940	2391
329	2392
187	2393
1255	2394
245	2395
146	2396
479	2397
1053	2398
630	2399
502	2400
596	2401
299	2402
502	2403
167	2404
169	2405
325	2406
98	2407
4	2408
180	2409
123	2410
115	2411
2041	2412
123	2413
575	2414
645	2415
2279	2416
3	2417
34	2418
682	2419
2091	2420
644	2421
66	2422
2044	2423
1092	2424
1460	2425
1674	2426
2064	2427
457	2428
42	2429
1949	2430
373	2431
761	2432
1215	2433
2188	2434
65	2435
89	2436
22	2437
246	2438
180	2439
3	2440
28	2441
89	2442
77	2443
300	2444
597	2445
3	2446
1	2447
1763	2448
2245	2449
61	2450
1311	2451
551	2452
1228	2453
882	2454
1877	2455
1	2456
1735	2457
972	2458
99	2459
860	2460
157	2461
1	2462
692	2463
1995	2464
1327	2465
1700	2466
359	2467
348	2468
1354	2469
52	2470
309	2471
19	2472
2188	2473
43	2474
2198	2475
780	2476
2207	2477
502	2478
603	2479
1780	2480
794	2481
1065	2482
616	2483
78	2484
243	2485
439	2486
1715	2487
239	2488
1524	2489
792	2490
230	2491
1986	2492
227	2493
155	2494
332	2495
907	2496
1635	2497
2372	2498
428	2499
